185 117 190 119 
177 96 179 95 
188 71 190 73 
188 95 193 96 
187 177 188 176 
179 199 178 201 
188 219 185 223 
188 201 191 206 
159 129 163 114 
143 127 152 114 
140 89 147 79 
163 51 168 55 
156 90 158 84 
159 165 161 174 
139 163 151 172 
141 206 145 211 
165 241 163 238 
159 206 157 212 
264 148 255 150 
255 130 246 131 
254 115 251 116 
255 168 246 169 
254 182 248 181 
237 113 235 116 
234 181 232 181 
208 125 209 124 
208 168 206 168 
288 89 298 105 
290 148 289 147 
292 203 297 197 
315 150 303 149 
327 150 323 149 
318 122 316 123 
315 184 311 182 
397 153 382 155 
382 194 367 196 
382 105 373 110 
337 227 337 228 
294 246 283 256 
346 70 333 69 
303 45 297 49 
275 38 260 38 
277 250 262 263 
270 264 256 277 
261 16 247 25 
193 5 179 23 
214 277 193 287 
81 56 80 58 
63 140 54 141 
85 223 74 231 
67 98 58 100 
69 187 58 196 
114 237 111 246 
165 252 167 259 
123 48 119 47 
163 34 171 34 
161 3 168 24 
75 13 74 43 
12 67 34 83 
10 205 28 210 
47 245 61 246 
115 271 114 268 
103 147 103 144 
103 94 99 94 
103 198 104 204
0 0 0 0
0 298 0 298
0 150 0 150
479 0 479 0
479 298 479 298
479 150 479 150
240 0 240 0
240 298 240 298